seq_lengths: [10, 50, 100, 500, 1000, 5000, 10000, 50000, 100000, 500000, 1000000, 5000000]
d_time_algo_min: [1.4781951904296875e-05, 9.679794311523438e-05, 0.00021696090698242188, 0.0014190673828125, 0.0031049251556396484, 0.018452882766723633, 0.037976980209350586, 0.229827880859375, 0.48784589767456055, 2.7449910640716553, 5.821202039718628, 33.38356900215149]
d_time_algo_mean: [1.642942428588867e-05, 0.00010322093963623047, 0.00022203922271728515, 0.0014253687858581544, 0.003093967437744141, 0.018828561305999757, 0.03836564540863037, 0.22727872610092162, 0.46452959299087526, 2.7137743782997132, 5.7063320541381835, 33.676858365535736]
d_time_algo_included_min: [1.4781951904296875e-05, 0.00010085105895996094, 0.0002288818359375, 0.0013849735260009766, 0.003103017807006836, 0.017812013626098633, 0.03859901428222656, 0.22351288795471191, 0.4745030403137207, 2.683764934539795, 5.791581153869629, 33.55790996551514]
d_time_algo_included_mean: [1.5931129455566405e-05, 0.00010341167449951172, 0.00022793054580688476, 0.001444399356842041, 0.0030220508575439452, 0.01845646858215332, 0.03857860088348389, 0.21940088033676147, 0.46796875953674316, 2.7476684212684632, 5.836526639461518, 33.41327681064606]
