seq_lengths: [10, 50, 100, 500, 1000, 5000, 10000]
d_time_algo_min: [1.5974044799804688e-05, 0.00010180473327636719, 0.0002288818359375, 0.001435995101928711, 0.0032019615173339844, 0.01903390884399414, 0.041870832443237305]
d_time_algo_mean: [1.70135498046875e-05, 0.0001490640640258789, 0.0002738380432128906, 0.001679673194885254, 0.003683326244354248, 0.022414474487304686, 0.047965433597564694]
d_time_algo_included_min: [1.6927719116210938e-05, 0.00010609626770019531, 0.00023484230041503906, 0.0014579296112060547, 0.003339052200317383, 0.019492149353027344, 0.043927907943725586]
d_time_algo_included_mean: [1.624107360839844e-05, 0.00011057138442993164, 0.0002912592887878418, 0.0017621302604675293, 0.003943350315093994, 0.022632501125335693, 0.04877093076705932]
